1 0.33984375 0.58046875 0.28046875 0.19765625
1 0.74609375 0.553125 0.23203125 0.18515625
1 0.5390625 0.43828125 0.165625 0.1640625
1 0.68984375 0.3578125 0.178125 0.125
1 0.2609375 0.3625 0.1359375 0.11640625
1 0.3828125 0.278125 0.11640625 0.11796875
1 0.52265625 0.27734375 0.09375 0.1265625
1 0.66640625 0.27265625 0.1171875 0.0859375
1 0.6 0.12890625 0.10546875 0.10078125
1 0.753125 0.159375 0.1421875 0.078125
1 0.8453125 0.27734375 0.0375 0.1171875
1 0.90625 0.46171875 0.1359375 0.10078125
1 0.64375 0.909375 0.234375 0.14453125
1 0.70625 0.0859375 0.1234375 0.08359375
1 0.884375 0.1328125 0.084375 0.0625