1 0.37265625 0.85078125 0.4484375 0.2984375
1 0.68125 0.60234375 0.309375 0.16953125
1 0.3046875 0.42109375 0.42578125 0.21328125
1 0.6671875 0.371875 0.234375 0.15625
1 0.215625 0.22890625 0.215625 0.0828125
1 0.475 0.27890625 0.1609375 0.075
1 0.63828125 0.1828125 0.134375 0.0703125
1 0.6953125 0.1296875 0.0859375 0.06796875
1 0.378125 0.16015625 0.196875 0.06875
1 0.60546875 0.115625 0.0796875 0.08046875
1 0.75 0.0703125 0.17421875 0.0765625
1 0.04765625 0.68984375 0.0875 0.15625
1 0.0390625 0.4203125 0.05390625 0.1484375
1 0.8890625 0.428125 0.13515625 0.09140625
1 0.93984375 0.7421875 0.1203125 0.159375