1 0.8078125 0.78125 0.22734375 0.2390625
1 0.521875 0.89375 0.1859375 0.16796875
1 0.37265625 0.53359375 0.1515625 0.1296875
1 0.553125 0.540625 0.09609375 0.11875
1 0.41875 0.1875 0.13359375 0.16640625
1 0.178125 0.2859375 0.1265625 0.14453125
1 0.77578125 0.11953125 0.17578125 0.0890625
1 0.28125 0.0640625 0.153125 0.071875
1 0.5046875 0.40703125 0.1546875 0.1015625
1 0.390625 0.72421875 0.11796875 0.10078125
1 0.4796875 0.66953125 0.11015625 0.1140625
1 0.0921875 0.15703125 0.14609375 0.10546875